-1.715914746732482854e+01
-1.715967070324400012e+01
-1.714260790862055828e+01
-1.714057386946510420e+01
-1.719113532360309193e+01
-1.714380186624444491e+01
-1.714914020156905394e+01
-1.713052127366443500e+01
-1.714228158412527847e+01
-1.717585768556758197e+01
-1.715115715432665411e+01
-1.714354668184911645e+01
-1.717243961232736638e+01
-1.714611515868967473e+01
-1.713691367639570728e+01
-1.713420145514630732e+01
-1.712656665317683746e+01
-1.712974888120837846e+01
-1.711259588927904218e+01
-1.715924408002598867e+01
-1.713195212649898025e+01
-1.714880543420563441e+01
-1.712318055722057863e+01
-1.712455745577332067e+01
-1.715285943084262499e+01
-1.715033887790594491e+01
-1.715839392052362200e+01
-1.714342163290275067e+01
-1.714099920360302320e+01
-1.713663125156642764e+01
-1.716946416067027670e+01
-1.714297011619099820e+01
-1.717503312509701630e+01
-1.713717583967234859e+01
-1.713860657745773963e+01
-1.712884275725810568e+01
-1.712243551096895544e+01
-1.712752103836815820e+01
-1.711691167455030893e+01
-1.712184155127143015e+01
-1.712942101705682774e+01
-1.712631170009153436e+01
-1.713382205345389053e+01
-1.715790169038027813e+01
-1.713944518181191512e+01
-1.714026568922683680e+01
-1.715909878495929419e+01
-1.715269173334066011e+01
-1.711479004905203283e+01
-1.713015001365025824e+01
-1.714604837435758355e+01
-1.712057292359451566e+01
-1.714324522256706373e+01
-1.712316486604686361e+01
-1.714290936762599671e+01
-1.715742642312201838e+01
-1.713833339614057749e+01
-1.717349441416195077e+01
-1.715244516447759793e+01
-1.716968702284811599e+01
-1.714476435263412668e+01
-1.713109594604508601e+01
-1.712187144614335210e+01
-1.711619653263542418e+01
-1.713323713740276943e+01
-1.714226977899387094e+01
-1.714970410687358537e+01
-1.714663510727089601e+01
-1.713143865345749361e+01
-1.715838220871400921e+01
-1.713731223372946388e+01
-1.713344000529076538e+01
-1.711973619917665346e+01
-1.715525872813594788e+01
-1.715151211340493731e+01
-1.713500644731789535e+01
-1.711606706712543513e+01
-1.715189812726093521e+01
-1.713839671694965006e+01
-1.714576770462394251e+01
-1.711646682011602394e+01
-1.717081404425893254e+01
-1.714054404614027760e+01
-1.713070465351503202e+01
-1.714164108154871968e+01
-1.714986784829319433e+01
-1.714129330983903543e+01
-1.712463707308378957e+01
-1.713755675572608794e+01
-1.715567527923617064e+01
-1.715023981457641611e+01
-1.716700037666497280e+01
-1.711752797575410767e+01
-1.713698298543326359e+01
-1.714860368941459612e+01
-1.713385295210713366e+01
-1.711739216095006100e+01
-1.713556156528728280e+01
-1.718159779428344791e+01
-1.716289696122413133e+01
-1.713551816409497519e+01
-1.712313159969286147e+01
-1.714114628929583262e+01
-1.714051303659299563e+01
-1.711637668406358159e+01
-1.712906036756029948e+01
-1.714511902517638475e+01
-1.712968120446840103e+01
-1.715201832286783556e+01
-1.715380010694788382e+01
-1.714517007234503865e+01
-1.713675848524646028e+01
-1.712555759290796686e+01
-1.715078511947148598e+01
-1.715644182404293261e+01
-1.716987661329707393e+01
-1.714145819391444547e+01
-1.714110289458923830e+01
-1.714873109881451185e+01
-1.713212775762367812e+01
-1.713813149019143367e+01
-1.712885193351728574e+01
-1.719119474631033739e+01
-1.713043003017849486e+01
-1.715044572322151240e+01
-1.715786493628800713e+01
-1.713211227787731517e+01
-1.716364620531741281e+01
-1.714016316553921726e+01
-1.712280595331236555e+01
-1.714193219755674491e+01
-1.712092593955625475e+01
-1.714524677011448972e+01
-1.713142984793795165e+01
-1.712384330996216164e+01
-1.715196088058814894e+01
-1.714596017523502880e+01
-1.713360578905052378e+01
-1.713216635092047824e+01
-1.716295722686051661e+01
-1.713086902695808078e+01
-1.713617015415073297e+01
-1.714641220455067838e+01
-1.714266544548421578e+01
-1.712431021577578960e+01
-1.712988972254517250e+01
-1.712605732365801714e+01
-1.714967789976495993e+01
-1.713428435741309386e+01
-1.713799247330859288e+01
-1.715243881890710043e+01
-1.714940938369883838e+01
-1.713995870486763806e+01
-1.712222611406666317e+01
-1.715428252508616680e+01
-1.717564022314499894e+01
-1.715281167286122255e+01
-1.711913431521045936e+01
-1.716404938186932227e+01
-1.714848572312718034e+01
-1.713016916497458908e+01
-1.713298786870083745e+01
-1.713967187625350874e+01
-1.713336770263541808e+01
-1.713202963622449460e+01
-1.716893451024113659e+01
-1.712992055088056276e+01
-1.714147921914327100e+01
-1.712404631765368634e+01
-1.716110276734445250e+01
-1.715922648579871534e+01
-1.712644543678115383e+01
-1.713717329789132293e+01
-1.715341776833523113e+01
-1.712341797266304511e+01
-1.712718371499750702e+01
-1.713398065418248706e+01
-1.713770940391232500e+01
-1.712087620318956738e+01
-1.714320369631768415e+01
-1.714555999677072506e+01
-1.713310686019859475e+01
-1.714949621817060788e+01
-1.715523769150461675e+01
-1.713673447951851614e+01
-1.711756484517813703e+01
-1.711869403306831572e+01
-1.713832902329090047e+01
-1.714144228849406915e+01
-1.715617852386429831e+01
-1.710925859974891949e+01
-1.713376138396161252e+01
-1.714624622665654030e+01
-1.713057781009258562e+01
-1.717136952234532288e+01
-1.715461769295826855e+01
-1.712939540273551131e+01
-1.712796389431848354e+01
-1.712004820033534003e+01
-1.713494031629235792e+01
-1.713273789003304870e+01
-1.714947874013746798e+01
-1.714682299097094642e+01
-1.715765275035676041e+01
-1.712306818045445667e+01
-1.714623048148985873e+01
-1.713712595745165856e+01
-1.714274537468362780e+01
-1.715556755470101535e+01
-1.714675528023889939e+01
-1.715339671006299227e+01
-1.716576176291524192e+01
-1.712327930902444706e+01
-1.713934779005891684e+01
-1.715107851170456854e+01
-1.711787802332232644e+01
-1.713755063287449332e+01
-1.712760290453280376e+01
-1.715329711673396318e+01
-1.712543427393216433e+01
-1.715054462222633447e+01
-1.714207738122563995e+01
-1.712233589360031871e+01
-1.714848627521172730e+01
-1.711901860890449711e+01
-1.715751828513854704e+01
-1.714634318784787581e+01
-1.712162728679768975e+01
-1.711723248190700986e+01
-1.712806534413194015e+01
-1.713726532418340653e+01
-1.712695283613681951e+01
-1.712452644689982151e+01
-1.715404023568864744e+01
-1.711702123306886847e+01
-1.713639660082208849e+01
-1.713564251937981453e+01
-1.714838651716236839e+01
-1.714680226503548965e+01
-1.714459621418251345e+01
-1.712576076982759332e+01
-1.714350309341581635e+01
-1.717200415353687504e+01
-1.714185825934319851e+01
-1.716452425159685191e+01
-1.713303934050319199e+01
-1.713486805547159975e+01
-1.713031420307521557e+01
-1.712628555492117854e+01
-1.714257141490063319e+01
-1.714990820222461210e+01
-1.717125227544576305e+01
-1.712712302712164103e+01
-1.711875468149767343e+01
-1.714177169837245174e+01
-1.715262847129801926e+01
-1.711899087095474670e+01
-1.713784726368665190e+01
-1.713642572435345812e+01
-1.714071912505240647e+01
-1.713494683584725919e+01
-1.713662981406962160e+01
-1.714488182022238760e+01
-1.715311138662548984e+01
-1.716044019788669672e+01
-1.715696681777109234e+01
-1.712141899569889603e+01
-1.715599020499231742e+01
-1.717474721629305279e+01
-1.713457738830427957e+01
-1.715360042135340990e+01
-1.714018205451944254e+01
-1.713286171094438259e+01
-1.712783046469984782e+01
-1.711214726710238665e+01
-1.711469731580393017e+01
-1.714404671081821263e+01
-1.715833937967062184e+01
-1.715660281280641186e+01
-1.715387620734058061e+01
-1.715625940773742997e+01
-1.713924884317231800e+01
-1.711954816740810514e+01
-1.713551593736524836e+01
-1.713329145341440451e+01
-1.716541879696416828e+01
-1.716802535318489475e+01
-1.713948267460343189e+01
-1.714305775939188337e+01
-1.720056653505201183e+01
-1.713189394270179022e+01
-1.711494391387109459e+01
-1.714132849105443412e+01
-1.714229352714526300e+01
-1.714204874028660797e+01
-1.713984945943909111e+01
-1.713282629434593929e+01
-1.715592120714953950e+01
-1.715389972915174610e+01
-1.711264694992140534e+01
-1.713853938037602731e+01
-1.714556055734077233e+01
-1.711141877530108246e+01
-1.713316054901490659e+01
-1.714299045244725761e+01
-1.715301606367056308e+01
-1.715615958536538344e+01
-1.716422714142262151e+01
-1.714107485849942236e+01
-1.715371880789667713e+01
-1.712905927181600418e+01
-1.712072197396150486e+01
-1.713670754971109389e+01
-1.713898430828082553e+01
-1.712596783003183276e+01
-1.712857761233396658e+01
-1.714847321313729367e+01
-1.717651658568826178e+01
-1.712407114111958961e+01
-1.715927541470021822e+01
-1.715947762495387252e+01
-1.717202680073205201e+01
-1.716708470314649659e+01
-1.714224751223550669e+01
-1.713935732157792557e+01
-1.717821616092130910e+01
-1.715098729096588670e+01
-1.715859801197789380e+01
-1.711772565999866558e+01
-1.716055747117871988e+01
-1.714007080342257439e+01
-1.711929859145761057e+01
-1.712376021100470780e+01
-1.713456572995961125e+01
-1.717547179215412356e+01
-1.712515449638463139e+01
-1.713924996386702304e+01
-1.716900332199194423e+01
-1.718032742788028600e+01
-1.713672929275973900e+01
-1.717265279733703665e+01
-1.711846137994768924e+01
-1.712171890153545917e+01
-1.716087004915149095e+01
-1.713471267222962879e+01
-1.713477634943146199e+01
-1.714212431358587452e+01
-1.713183671215929849e+01
-1.716747961821823054e+01
-1.715118628431377346e+01
-1.715637262540428054e+01
-1.714357045216537045e+01
-1.715806155747625894e+01
-1.716331458646250852e+01
-1.712480540222879455e+01
-1.712577418706156607e+01
-1.713232520236996237e+01
-1.717497142816914746e+01
-1.712206531748640259e+01
-1.713917094530575014e+01
-1.713886493047472470e+01
-1.713193689044069856e+01
-1.713076655766468548e+01
-1.714481041064171052e+01
-1.711742542798064193e+01
-1.714188646886966438e+01
-1.715933182106637034e+01
-1.712536611687939825e+01
-1.714207389989508457e+01
-1.712042539055638457e+01
-1.713903986664963597e+01
-1.712837151778527200e+01
-1.713132228296835535e+01
-1.712607662008125686e+01
-1.713176767579567539e+01
-1.716580410730731643e+01
-1.712880843059318181e+01
-1.713544720762288875e+01
-1.714528255901140597e+01
-1.713809394503594419e+01
-1.713287830174185444e+01
-1.713012917393859169e+01
-1.714463030057410009e+01
-1.713113878611248353e+01
-1.713400617549640614e+01
-1.711901502702360744e+01
-1.712047623330476043e+01
-1.712625543009046325e+01
-1.713496297405828983e+01
-1.711708402587762734e+01
-1.714834978653000519e+01
-1.713033965096468592e+01
-1.715200955543936345e+01
-1.712405205006593789e+01
-1.712476315193636367e+01
-1.716124707923643911e+01
-1.715235737810790795e+01
-1.716357463413214646e+01
-1.711850245556380656e+01
-1.718067775193764746e+01
-1.712417327978945281e+01
-1.712492863698543033e+01
-1.713954392196360388e+01
-1.713892282225235419e+01
-1.713637566053688488e+01
-1.712461986788955670e+01
-1.715112835107543887e+01
-1.714416479096869494e+01
-1.714034507434288201e+01
-1.713129601234830091e+01
-1.716474089588178842e+01
-1.713135878452416705e+01
-1.717164549463826617e+01
-1.715444990362458810e+01
-1.715843617249181818e+01
-1.715456350653587236e+01
-1.715291170567904189e+01
-1.712193974091943716e+01
-1.714461317265407558e+01
-1.712496038989353053e+01
-1.713901812612930797e+01
-1.715294587242268420e+01
-1.716335407336412544e+01
-1.714277535363482130e+01
-1.711949740888222493e+01
-1.712420280629255842e+01
-1.712342803996661900e+01
-1.713869250402920841e+01
-1.715275201982596798e+01
-1.713768354018232642e+01
-1.715587813368697567e+01
-1.713523751225584846e+01
-1.713051375337101589e+01
-1.712858681351052681e+01
-1.712288585702857446e+01
-1.713210784169362455e+01
-1.714049650284538728e+01
-1.713876302702578158e+01
-1.711716216903489496e+01
-1.713546530733347595e+01
-1.714636822414425410e+01
-1.715864593527239634e+01
-1.712491957983302981e+01
-1.714397350001274134e+01
-1.717539433917217551e+01
-1.714977243580587185e+01
-1.715447840712862160e+01
-1.715543622455579964e+01
-1.715678586206463763e+01
-1.715864891942834447e+01
-1.713214102119890114e+01
-1.714414533479489577e+01
-1.715067284694237060e+01
-1.711720762748282709e+01
-1.717615596511809173e+01
-1.714112077861776129e+01
-1.713689626790889164e+01
-1.716803468035358549e+01
-1.716965002711820176e+01
-1.713078618642806106e+01
-1.712798010658219994e+01
-1.716148567420465554e+01
-1.716564395031701196e+01
-1.715061589707706347e+01
-1.714467925131938841e+01
-1.715884819759803648e+01
-1.712931854922859998e+01
-1.715024104035157393e+01
-1.716464962454153920e+01
-1.712847224183858685e+01
-1.715277982087770425e+01
-1.712248314159900531e+01
-1.715434756779220038e+01
-1.715468810663138299e+01
-1.712593698000414832e+01
-1.717360287225745097e+01
-1.715129532684943570e+01
-1.712016742484252063e+01
-1.713767311114985503e+01
-1.714471807032199280e+01
-1.714337373772038831e+01
-1.712214248972450292e+01
-1.715669816747877974e+01
-1.714258735323048910e+01
-1.713145199476215552e+01
-1.713182409749135360e+01
-1.712991036188783056e+01
-1.714842680970227207e+01
-1.713111959530073847e+01
-1.711325349737279566e+01
-1.712846003800135009e+01
-1.712968458690263418e+01
-1.711677874351568462e+01
-1.714145644275670932e+01
-1.713415377335282130e+01
-1.714408528976402835e+01
-1.712964633457613672e+01
-1.712983625228432771e+01
-1.712225808362414625e+01
-1.713628154680226601e+01
-1.716510487674123198e+01
-1.713233615212954675e+01
-1.715184603157194942e+01
-1.712465514296143709e+01
-1.714101909293130888e+01
-1.711294985294577131e+01
-1.716893540532915097e+01
-1.715426197117902873e+01
-1.713476696987864756e+01
-1.713930758009457378e+01
-1.712570977606531386e+01
-1.714504673922436240e+01
-1.714627296831470815e+01
-1.713918888679588548e+01
-1.714718366651746351e+01
-1.714054434150124706e+01
-1.712461356499145637e+01
-1.715149828856553782e+01
-1.713911583188386345e+01
-1.714979768665116211e+01
-1.717779668124359560e+01
-1.715073996083570407e+01
-1.714361976416712707e+01
-1.713272694659859496e+01
-1.715477935103795915e+01
-1.713716129396621568e+01
-1.717102555157558186e+01
-1.712451190591108841e+01
-1.713629864034906092e+01
-1.712877031095620595e+01
-1.713118684902411104e+01
-1.715539858953290420e+01
-1.713354914856616062e+01
-1.715255968479485205e+01
-1.713130970628471772e+01
-1.715345885989738761e+01
-1.713024296223602150e+01
-1.712468168560231874e+01
-1.711858132856477965e+01
-1.715618889496034427e+01
-1.712793359857457176e+01
-1.714941789628308655e+01
-1.714380769261978443e+01
-1.713287739013437516e+01
-1.713724642817475896e+01
-1.715219239224344250e+01
-1.714547795243147377e+01
-1.716315672156067507e+01
-1.715373899262571200e+01
-1.714540514299279295e+01
-1.714972281918892705e+01
-1.714060867044650749e+01
-1.713301541200920752e+01
-1.711793429894936480e+01
-1.715671544057979503e+01
-1.712152795091909852e+01
-1.713464125520205528e+01
-1.712977423313571279e+01
-1.715576009468514229e+01
-1.714886299228254529e+01
-1.714331988282404495e+01
-1.716067079008661267e+01
-1.713274213761596698e+01
-1.715711944416773349e+01
-1.717461798618229452e+01
-1.711711585785754863e+01
-1.715452886907553420e+01
-1.711760736740359334e+01
-1.713396987962073581e+01
-1.716426389242288053e+01
-1.713189412215709595e+01
-1.713336203833222271e+01
-1.711666195811667279e+01
-1.714597349398495396e+01
-1.715142004616354399e+01
-1.713246851741510568e+01
-1.713851501298488245e+01
-1.714587472638187648e+01
-1.715198202828224439e+01
-1.712636807968902275e+01
-1.715035100169761506e+01
-1.713619596015502822e+01
-1.714447417627462755e+01
-1.712632469560763582e+01
-1.717005618129722322e+01
-1.711895708951403350e+01
-1.717174451498057408e+01
-1.712923558739343832e+01
-1.716783126802952353e+01
-1.713992594691558224e+01
-1.713391975669315315e+01
-1.715428484705744694e+01
-1.713014880344112356e+01
-1.713546395458240568e+01
-1.713615228247242328e+01
-1.713429571584548228e+01
-1.716771151021755060e+01
-1.714232704520643580e+01
-1.715905091487555723e+01
-1.713002603571257509e+01
-1.713806461862936104e+01
-1.715118691691584729e+01
-1.715275497278206984e+01
-1.715065754294466416e+01
-1.713026213483842497e+01
-1.714695651501022411e+01
-1.715119795864394092e+01
-1.712943524337717349e+01
-1.714021435904479773e+01
-1.715136255981218483e+01
-1.714254293265766194e+01
-1.713597074355558902e+01
-1.714414512161281223e+01
-1.714335778481277828e+01
-1.712394119509028201e+01
-1.713522293901538518e+01
-1.714541715378567588e+01
-1.712473112671480635e+01
-1.714422377927153462e+01
-1.714423082141853882e+01
-1.714936569203013761e+01
-1.713529773743743689e+01
-1.711355692959125463e+01
-1.712322693847810484e+01
-1.716093360028379067e+01
-1.711502841570439060e+01
-1.718466565981666250e+01
-1.714832331920819541e+01
-1.711573447677517734e+01
-1.715792622620881147e+01
-1.713118104793935714e+01
-1.712056955134345415e+01
-1.712861703608846398e+01
-1.714878145507167773e+01
-1.717479614912033981e+01
-1.714253516152172807e+01
-1.715824833823957363e+01
-1.711428993067469406e+01
-1.714236301087811398e+01
-1.715271263387268164e+01
-1.714049252534534773e+01
-1.714403006808582575e+01
-1.714236149006307031e+01
-1.711155517362603717e+01
-1.714346015043974347e+01
-1.717082351536199525e+01
-1.715848684562693194e+01
-1.713003564151493663e+01
-1.714622189755077741e+01
-1.712702581411734215e+01
-1.713604413149823102e+01
-1.714156313350433436e+01
-1.715643929874909546e+01
-1.713269069577294701e+01
-1.713937565938651275e+01
-1.713334226968262897e+01
-1.714117946102787471e+01
-1.711535190747298785e+01
-1.716043948240428207e+01
-1.714897061995875305e+01
-1.712105608865017814e+01
-1.716466516681935417e+01
-1.711105240763549062e+01
-1.713399074344215833e+01
-1.713293699252265512e+01
-1.712257700898619106e+01
-1.714282720053184761e+01
-1.714641448876817265e+01
-1.713386298672879349e+01
-1.714213908565158206e+01
-1.712258911676791229e+01
-1.714445711457694799e+01
-1.715748877119959559e+01
-1.712245458859081992e+01
-1.712696546736219005e+01
-1.714103192090775352e+01
-1.713555501561033978e+01
-1.714195802877362240e+01
-1.713735350851804640e+01
-1.711836605688885982e+01
-1.714678189288540722e+01
-1.715654535899567179e+01
-1.716354527144284958e+01
-1.715924194228913535e+01
-1.715469381585436537e+01
-1.715670141554736006e+01
-1.714268808946475176e+01
-1.713617059904765583e+01
-1.714643206413170873e+01
-1.714187035395179493e+01
-1.711581989894073530e+01
-1.717310679823673070e+01
-1.712229115747134855e+01
-1.712767190528516537e+01
-1.712591899558204034e+01
-1.715361895784295854e+01
-1.714915387696918359e+01
-1.713644188002307800e+01
-1.713213607695570317e+01
-1.716566305991159425e+01
-1.713820956580734389e+01
-1.713588120329850284e+01
-1.713484650974391954e+01
-1.713089314458590096e+01
-1.712938052394324018e+01
-1.713728618557730599e+01
-1.715480746076995899e+01
-1.715954976036618973e+01
-1.712211581262612370e+01
-1.714112359376647277e+01
-1.712488420729697935e+01
-1.713359348611515287e+01
-1.713242734835567660e+01
-1.713141772753687775e+01
-1.715076689233956486e+01
-1.712674321407381939e+01
-1.713650594522071913e+01
-1.714306328963317227e+01
-1.714540469967025871e+01
-1.712405363378569945e+01
-1.714640221433113965e+01
-1.714506842266303011e+01
-1.714136544773921855e+01
-1.715179178401157856e+01
-1.714457200346310373e+01
-1.717829239828798293e+01
-1.714326428672632829e+01
-1.713423733047891773e+01
-1.711881834465577157e+01
-1.711534668306088847e+01
-1.716291240819627006e+01
-1.716443958313442408e+01
-1.713449686326130461e+01
-1.714027933279373883e+01
-1.717226852173483209e+01
-1.712811417069489650e+01
-1.713008797861187560e+01
-1.716101690726555873e+01
-1.714919198618279950e+01
-1.715443567794049073e+01
-1.715303053821564561e+01
-1.716006153176137872e+01
-1.713463529334047308e+01
-1.713485214570812332e+01
-1.712718717995577933e+01
-1.714206241357423721e+01
-1.716195060536173855e+01
-1.712375646757600833e+01
-1.713270094031837942e+01
-1.713215356507910059e+01
-1.714303592073561333e+01
-1.713851496097717586e+01
-1.712374212904421000e+01
-1.711502919681064938e+01
-1.714296639021305069e+01
-1.714442415115218310e+01
-1.711928763637751061e+01
-1.714651247580128768e+01
-1.715511148336221225e+01
-1.712358741402496776e+01
-1.712837590167350399e+01
-1.714066299193943266e+01
-1.712380290938243732e+01
-1.714116490599009524e+01
-1.713304447485522886e+01
-1.714525906561980051e+01
-1.714420967721574840e+01
-1.714521288385608244e+01
-1.712951533770945645e+01
-1.715281733621241500e+01
-1.715851480000444695e+01
-1.710738788143949307e+01
-1.713119133288832785e+01
-1.713342158429165352e+01
-1.713644222950186702e+01
-1.716366508211639186e+01
-1.714946153859963474e+01
-1.713492655191475578e+01
-1.713125256603185420e+01
-1.714424654297924633e+01
-1.716845915895964225e+01
-1.712127230426281699e+01
-1.713956768758234972e+01
-1.715084832451438857e+01
-1.714112250402113347e+01
-1.714676235655093706e+01
-1.714107163437251558e+01
-1.715023061237663171e+01
-1.713330207438320230e+01
-1.713726981940101979e+01
-1.715424114583761650e+01
-1.713560459786734924e+01
-1.713259288051858675e+01
-1.714550583458914446e+01
-1.713544764684207777e+01
-1.715202744659423928e+01
-1.714296700205122903e+01
-1.715795095196216380e+01
-1.715168428481365837e+01
-1.713548992835667661e+01
-1.714365949044272242e+01
-1.717676906673302284e+01
-1.713466007410185199e+01
-1.716365810919527490e+01
-1.713355719626630957e+01
-1.717578538868387028e+01
-1.712604018790767668e+01
-1.715500509525115547e+01
-1.711870405318771304e+01
-1.712410565896231418e+01
-1.714624533729391231e+01
-1.714368974586592032e+01
-1.711203622949040692e+01
-1.712251065987069865e+01
-1.715758956206348529e+01
-1.715733350183980122e+01
-1.713091196010001482e+01
-1.713599026048597551e+01
-1.712801166277328946e+01
-1.714257959868481151e+01
-1.713770525063573302e+01
-1.713453086690831029e+01
-1.714634930696593074e+01
-1.711365469038709719e+01
-1.716783424532287228e+01
-1.713884714903803541e+01
-1.713756350987387478e+01
-1.713779184930188393e+01
-1.713421747731835154e+01
-1.715560041982000783e+01
-1.711865134233257280e+01
-1.713917116099671745e+01
-1.713159840848947013e+01
-1.713431646971415390e+01
-1.716729443664682009e+01
-1.713598238757965930e+01
-1.713361802678489099e+01
-1.712867763629482809e+01
-1.717739199636755032e+01
-1.712429957385506185e+01
-1.712772427836090827e+01
-1.712282320881345399e+01
-1.714367899389049654e+01
-1.714044025479912392e+01
-1.711363627573624768e+01
-1.714447854227720924e+01
-1.712558383783662208e+01
-1.713989439101641565e+01
-1.714472905711608064e+01
-1.715855486526028528e+01
-1.713771595798888825e+01
-1.711903611002271930e+01
-1.717459158908744143e+01
-1.714210867835426200e+01
-1.713628564996860604e+01
-1.713657507943347724e+01
-1.713846755481161566e+01
-1.713127698694160017e+01
-1.715686059296082533e+01
-1.711522512933490248e+01
-1.714732526724961303e+01
-1.714616965922949277e+01
-1.713313076300021720e+01
-1.715275880135165210e+01
-1.714197935119849348e+01
-1.713623328396850809e+01
-1.717931497749718517e+01
-1.713623428181805508e+01
-1.716097226342545667e+01
-1.711998372806115754e+01
-1.716614090112175717e+01
-1.719560563936889963e+01
-1.713097512410995904e+01
-1.714277457612803346e+01
-1.719838980393400263e+01
-1.713894670233642614e+01
-1.712535104011600851e+01
-1.714061223307470883e+01
-1.712744003914631818e+01
-1.712699115759018298e+01
-1.713018891717161907e+01
-1.711997724077443905e+01
-1.715398743682820282e+01
-1.715782006869669374e+01
-1.715137251718878275e+01
-1.715176964808304660e+01
-1.714619517810226057e+01
-1.718256451188701206e+01
-1.712711535073780311e+01
-1.715460881738948018e+01
-1.715053619034926413e+01
-1.712219003550168495e+01
-1.713742179843782054e+01
-1.714545777823178696e+01
-1.716898662576215173e+01
-1.715337340237923769e+01
-1.717283518824572752e+01
-1.714637845031511176e+01
-1.714169934843676657e+01
-1.715300328394153695e+01
-1.714578864853086770e+01
-1.715862486866266323e+01
-1.714508307573125379e+01
-1.713542231337150312e+01
-1.715998927742804270e+01
-1.714398527112328807e+01
-1.713421262298937364e+01
-1.712735765743413907e+01
-1.714395610310826612e+01
-1.714566998237940254e+01
-1.714145471130184006e+01
-1.713301204532734801e+01
-1.714402000569119267e+01
-1.713864608358333896e+01
-1.714311753056496102e+01
-1.713162037209662358e+01
-1.713453910327482532e+01
-1.714882965836955009e+01
-1.714899629924541813e+01
-1.713108009353036465e+01
-1.715858349946302042e+01
-1.712545525050762052e+01
-1.713127745811498670e+01
-1.713328808682284432e+01
-1.713521738866210953e+01
-1.712235229243680124e+01
-1.712618616247333847e+01
-1.713023758892694559e+01
-1.713140223876952462e+01
-1.712272494132436762e+01
-1.712155880244570483e+01
-1.716694914715064968e+01
-1.714966449708271767e+01
-1.715267020731535297e+01
-1.716879955454317042e+01
-1.713805180852879317e+01
-1.714847548841514069e+01
-1.714361025123831084e+01
-1.714569725317733884e+01
-1.715671885572251654e+01
-1.713258647570577509e+01
-1.713263963493501052e+01
-1.713529498029843978e+01
-1.713272862935746232e+01
-1.713345389217074910e+01
-1.712706649301571105e+01
-1.713991960468685249e+01
-1.714095670715357045e+01
-1.712669494099518985e+01
-1.716795483096434793e+01
-1.711878197383927613e+01
-1.713929602062837176e+01
-1.715169554635057025e+01
-1.714947154772740134e+01
-1.714556869858525801e+01
-1.713443460032004140e+01
-1.714100772545065965e+01
-1.714406912733436172e+01
-1.712635426713459097e+01
-1.714241598090946184e+01
-1.714828765295250079e+01
-1.712985131880369494e+01
-1.714061802316250294e+01
-1.719263704319619990e+01
-1.713784890231337243e+01
-1.715892189142325464e+01
-1.714309868094940015e+01
-1.716459256366597330e+01
-1.712749882991359840e+01
-1.714592430339602203e+01
-1.714365886584283061e+01
-1.713510569503302605e+01
-1.712950059358414023e+01
-1.714165155119265194e+01
-1.713782958122091316e+01
-1.714231879113489398e+01
-1.715047361917307001e+01
-1.715623238571230047e+01
-1.713569159428244859e+01
-1.713229361103061876e+01
-1.717242062554418425e+01
-1.715382559298652154e+01
-1.711060131468235213e+01
-1.713828342441371433e+01
-1.716694420095355511e+01
-1.715887001383987354e+01
-1.716392877004436102e+01
-1.714271436202355403e+01
-1.715622989732062109e+01
-1.713049284762085023e+01
-1.713867296137529550e+01
-1.713782773566831708e+01
-1.715187313564890914e+01
-1.715980979825857133e+01
-1.713285786931257348e+01
-1.712744454121763837e+01
-1.713599307651343651e+01
-1.713135036704277780e+01
-1.715256545191240889e+01
-1.711040635792596731e+01
